6.889686446160206423e-02,3.621061314422727162e-02,3.550817347036797078e-02,8.284226854956193431e-02,3.902645356844245544e-02,1.872564290746989851e-02,2.012139966202148439e-02,3.546256050453295422e-02,4.190007041604866533e-02,1.537461035079048383e-02,1.842155646856976844e-02,3.614979585644724491e-02,7.363149031527704835e-02,4.302519023997914555e-02,3.779490349089693890e-02,6.835254973597082451e-02,1.876451352443728460e-01,1.409107216134210805e-01
6.892166500519489314e-02,3.626089001105915061e-02,3.536388148754719685e-02,8.304124361603126836e-02,3.893983465871943966e-02,1.863784376630401793e-02,1.996674528261802722e-02,3.543334679408179089e-02,4.182415499526462993e-02,1.530350905264340512e-02,1.818782938918859018e-02,3.606457501433094071e-02,7.390504569137243407e-02,4.277552767171670378e-02,3.786161229207375689e-02,6.853809570389515771e-02,1.878639246368652982e-01,1.411102749310932658e-01
6.874851789608552033e-02,3.640236458760658794e-02,3.523909678833724718e-02,8.291480533640223360e-02,3.889029598028473367e-02,1.864578202860257133e-02,2.003439489893456271e-02,3.548575828504095531e-02,4.160966285135155041e-02,1.522906351870675565e-02,1.828949320003054810e-02,3.632318929236836441e-02,7.405326267704676058e-02,4.277902105794691157e-02,3.788842397515485710e-02,6.826128531000412447e-02,1.880227518982022783e-01,1.411828304178935067e-01
6.879646008318392181e-02,3.617547954168218172e-02,3.552671494267752028e-02,8.306014373172290743e-02,3.895938021534535445e-02,1.870452301637368434e-02,1.975838475935777494e-02,3.498150901205858421e-02,4.168845571162785313e-02,1.536323303934031444e-02,1.833293014746021840e-02,3.622421303268722609e-02,7.411754813229722016e-02,4.216056140573921918e-02,3.799080208162009670e-02,6.908276934283856530e-02,1.880951279932673581e-01,1.409817638107200566e-01
6.866468998538699520e-02,3.606575654106673051e-02,3.535799680851295368e-02,8.299082660576581616e-02,3.883081786909463318e-02,1.879162069568635768e-02,2.009617782984268741e-02,3.532800698933694777e-02,4.163486596205134838e-02,1.536378436386869051e-02,1.839875406448066020e-02,3.629967713063959184e-02,7.395189510611713257e-02,4.282546178333884734e-02,3.784415281820398269e-02,6.860171136511737655e-02,1.878956024843807526e-01,1.410582015971085235e-01
6.921189334845515018e-02,3.635469265794447763e-02,3.566635647286442445e-02,8.234299129356345559e-02,3.860263740651673908e-02,1.885172975354391586e-02,2.065008555240172711e-02,3.523227059038150366e-02,4.223655636558802662e-02,1.533253349198596648e-02,1.842074448450730512e-02,3.620586321252176887e-02,7.352174603882127846e-02,4.279776739936951707e-02,3.745851104482961907e-02,6.903205776856936871e-02,1.873140689739424269e-01,1.407674941441933725e-01
6.886017953032497196e-02,3.606506320917184788e-02,3.542243196518279208e-02,8.278883812097148631e-02,3.871629071344297873e-02,1.877678825460115525e-02,2.020552190402798848e-02,3.533874045433770678e-02,4.188461219543553049e-02,1.533049139730170880e-02,1.841811035097935811e-02,3.631613774170711073e-02,7.367543038644761011e-02,4.286798744786529669e-02,3.790029848270339008e-02,6.894984900623042645e-02,1.876327270453597984e-01,1.408505017939088999e-01
6.946625270377558559e-02,3.615634611564094714e-02,3.564016787847261447e-02,8.261537115002329235e-02,3.892819341234258351e-02,1.867491090425785552e-02,1.999668523411665677e-02,3.561928205384730373e-02,4.209388768769289219e-02,1.531826051804758421e-02,1.825122703328731569e-02,3.607280281713971803e-02,7.339278773333356154e-02,4.306955406661801961e-02,3.784809791029092318e-02,6.896797660200036650e-02,1.872468344761425429e-01,1.406413617029702579e-01
6.673993960574704787e-02,0.000000000000000000e+00,3.403266435449523591e-02,1.139002674590343378e-01,0.000000000000000000e+00,0.000000000000000000e+00,0.000000000000000000e+00,0.000000000000000000e+00,4.026371442428901964e-02,0.000000000000000000e+00,1.742226845021070322e-02,4.920865646739077531e-02,1.076720861968233356e-01,0.000000000000000000e+00,5.543970653718456598e-02,1.593622612233170643e-01,2.019637844211274180e-01,1.539946508603804720e-01
6.890891491694350890e-02,3.618076765963355174e-02,3.556579710451229781e-02,8.304738082230253560e-02,3.896863417618321584e-02,1.856625390223202651e-02,2.014760675825810060e-02,3.514117457835715108e-02,4.194977715291384884e-02,1.547675897055146230e-02,1.854575488372798425e-02,3.609291472318765237e-02,7.387260582613645876e-02,4.259988888261345696e-02,3.780604698388256857e-02,6.812116692014533181e-02,1.879678885814502209e-01,1.410406671569687242e-01
6.941736143601542897e-02,3.601181541112754431e-02,3.530937000979846724e-02,8.344329227657217019e-02,3.881831456129745256e-02,1.865091014183089049e-02,1.954702039679741959e-02,3.524043845172411538e-02,4.122435418360685666e-02,1.533234798882296586e-02,1.832594708233753131e-02,3.580830319205089568e-02,7.472180895259387945e-02,4.226161000986848604e-02,3.750861495788482269e-02,6.871163357953995188e-02,1.881549061310124615e-01,1.415119512371187105e-01
6.958904301001138382e-02,3.593913309944112011e-02,3.499670837059209311e-02,8.324417578333445644e-02,3.869288478941131787e-02,1.874489469544032144e-02,2.010840281377507949e-02,3.536097892181387647e-02,4.137979784612980105e-02,1.532944053627826111e-02,1.840401766585663540e-02,3.559825606985742713e-02,7.410733461782655074e-02,4.289703482094348042e-02,3.720238326789832017e-02,6.957901721502363079e-02,1.875673825151825957e-01,1.412591139611836244e-01
6.863662444990320521e-02,3.589942389317166138e-02,3.531359367347259443e-02,8.318789119726704984e-02,3.878762986878478425e-02,1.863003091139764367e-02,1.976704547758776145e-02,3.516556130612928655e-02,4.137347186003709903e-02,1.533867295663677612e-02,1.829302105382882987e-02,3.649470298738199947e-02,7.423665741025231579e-02,4.248528942753049265e-02,3.812620865299552048e-02,6.884449968915126727e-02,1.882194052949283936e-01,1.412002698895433728e-01
6.844790194459092481e-02,3.643463607738153115e-02,3.542853949768506178e-02,8.266356174988051531e-02,3.886502600785313177e-02,1.894007115392452867e-02,2.069467934562409586e-02,3.528307975122291912e-02,4.193786315186584512e-02,1.548540217544869431e-02,1.845520533238406008e-02,3.617705110968815613e-02,7.372384816522814521e-02,4.292577726325454840e-02,3.747406718230891082e-02,6.833274631197505666e-02,1.878123833988465941e-01,1.409181603808372374e-01
6.850197247376607623e-02,3.641476663266925845e-02,3.530170461600340426e-02,8.288054409889221430e-02,3.909098131754890765e-02,1.873046164110656053e-02,2.020237971779036829e-02,3.535036306481939561e-02,4.174286677802056811e-02,1.540952250941499298e-02,1.831990597922161443e-02,3.630224396978227325e-02,7.376012609894438965e-02,4.281943495807442185e-02,3.795054892342406005e-02,6.816136333205412290e-02,1.880353456746129970e-01,1.410254682138543936e-01
6.896399808040323820e-02,3.602316071233189337e-02,3.539594375274399130e-02,8.281951939244266980e-02,3.875006111282596616e-02,1.878664131337099905e-02,2.002912824284036955e-02,3.542282447958347569e-02,4.170992781259555415e-02,1.526825284482552329e-02,1.833862919937963992e-02,3.637261016124515578e-02,7.377564818467043095e-02,4.291060027809238953e-02,3.792571882308186371e-02,6.903568001864185399e-02,1.876385602291196220e-01,1.408330953618053549e-01
7.010488158498703881e-02,3.626366168582281085e-02,3.581492623437852046e-02,8.310726490976293179e-02,3.859489707991141383e-02,1.839815350921573597e-02,1.892715058612160287e-02,3.506703381530471009e-02,4.217383592435731271e-02,1.439966525894794888e-02,1.852219420311090534e-02,3.611773145771084159e-02,7.441347156999274237e-02,4.192940279226976819e-02,3.794915582051597985e-02,6.956129148526996042e-02,1.873621855058120178e-01,1.412930965765078206e-01
6.946141170390240926e-02,3.638869486155933697e-02,3.616157307942124283e-02,8.255119708112827748e-02,3.901195144525439890e-02,1.858991786800352763e-02,1.916529304942005130e-02,3.523037377265502562e-02,4.247555862286043343e-02,1.472884757165581968e-02,1.875647384157146796e-02,3.632434368995354768e-02,7.361016959095838252e-02,4.229007583411431570e-02,3.820188375562851013e-02,6.880654389873755439e-02,1.870097145236177816e-01,1.412359758095579065e-01
7.119276925607087581e-02,3.809100996584923599e-02,3.614008502217434110e-02,8.456140247666280030e-02,3.933832263475614544e-02,1.595920568678318302e-02,1.950924943674898007e-02,3.505268423389653470e-02,4.461541469551610906e-02,1.420017499986319341e-02,1.755832449307408172e-02,3.585224363704198058e-02,7.483876013441412289e-02,4.160907133968921867e-02,3.901849887349796014e-02,6.159805641832546974e-02,1.899749388452224852e-01,1.408897878504133394e-01
6.854885699363100215e-02,3.677627999461464958e-02,3.624030281980524654e-02,8.176837794155251971e-02,3.950114297424009435e-02,1.915275079214032519e-02,1.959127757152983804e-02,3.584300505386260605e-02,4.258207470636129338e-02,1.510855938221480552e-02,1.881542250030223892e-02,3.645019597917116549e-02,7.269799498323947784e-02,4.305058622280309027e-02,3.830924967641217982e-02,6.823401725458211331e-02,1.865766008836197698e-01,1.407533042699175563e-01
6.878732755333610838e-02,3.656504275791419567e-02,3.599253693805398030e-02,8.265552774231839372e-02,3.926937945962230558e-02,1.881736234224756082e-02,1.927310710674154728e-02,3.552549271658907160e-02,4.214697450155128339e-02,1.473825837574353412e-02,1.850474403271862994e-02,3.638425144637939118e-02,7.379298699145600549e-02,4.276467814929519468e-02,3.800384027887868110e-02,6.843327790158044988e-02,1.873864355844802321e-01,1.409587761210934764e-01
8.466492018021154475e-02,3.250847146160021350e-02,3.322294336185516173e-02,7.430507762651476777e-02,4.429725781580687999e-02,2.179139295777596588e-02,2.179139295777596588e-02,3.393741526211010995e-02,4.286831401529698354e-02,2.322033675828586580e-02,2.107692105752101766e-02,3.286570741172768761e-02,5.287092061886627947e-02,4.394002186567940588e-02,4.429725781580687999e-02,8.752280778123133764e-02,1.723422047437327687e-01,1.324766363082012233e-01
6.789528754417725742e-02,3.683589600525587898e-02,3.614122955174813023e-02,8.220467352766309965e-02,3.944368130131171296e-02,1.908661089905250990e-02,1.955467492654971301e-02,3.548371103693063328e-02,4.218148438278343515e-02,1.519350692431389004e-02,1.880057177113755515e-02,3.677645930335147334e-02,7.355291860670294668e-02,4.245266433522228849e-02,3.845554613215095008e-02,6.734549805156149482e-02,1.878049731785148557e-01,1.407906125215723225e-01
6.924234437224902061e-02,3.652589686950352688e-02,3.573969944286452954e-02,8.307486141485397046e-02,3.878953776939165349e-02,1.824965524154772284e-02,1.902066044738210185e-02,3.515100088668557388e-02,4.187355859272916953e-02,1.445160004039315084e-02,1.837878911838697685e-02,3.658286769752084472e-02,7.468115942030235932e-02,4.198370219356264976e-02,3.814766644039652849e-02,6.870302053368507189e-02,1.880942073953655314e-01,1.413097721231795778e-01
6.985179518434324331e-02,3.619924683251295183e-02,3.579900075696755557e-02,8.350974976224637136e-02,3.873531931118998767e-02,1.812087542026773884e-02,1.897095558071813792e-02,3.493829459451152503e-02,4.200812792892403419e-02,1.443719472498266113e-02,1.811379141893065120e-02,3.615320082382188910e-02,7.476809211228140073e-02,4.200812792892403419e-02,3.782856714004289439e-02,6.910089104261206427e-02,1.879632038012460926e-01,1.414935656354768256e-01
6.883644856009638047e-02,3.573980946170943196e-02,3.636173190013824996e-02,8.289707835557458271e-02,3.857992193053436797e-02,1.812903908020005450e-02,1.887534600631463749e-02,3.503496403149010396e-02,4.228036043918583647e-02,1.474474447774990274e-02,1.863694240491692300e-02,3.656385669262761373e-02,7.413315466071515591e-02,4.201086071586668247e-02,3.835188370311046896e-02,7.029796629040410694e-02,1.872289233121732233e-01,1.412969679771923504e-01
7.003533849430712555e-02,3.612477927968704705e-02,3.568941803801489038e-02,8.343970297422866056e-02,3.850906232978219823e-02,1.830898096813439110e-02,1.896882535004374912e-02,3.507719129191342461e-02,4.190692077064533255e-02,1.437372349458219088e-02,1.833278978603833723e-02,3.605335282597520868e-02,7.483451593180250050e-02,4.205657619747013576e-02,3.767575370314409089e-02,6.970881756305301324e-02,1.877056541457640948e-01,1.411985968554135829e-01
6.992633163146248776e-02,3.611802410325105211e-02,3.589515671443143513e-02,8.324772328136201271e-02,3.851216014375263841e-02,1.840344347071037889e-02,1.907879919440617217e-02,3.512525118941822733e-02,4.209154547934033930e-02,1.444923570847150493e-02,1.831227044801144593e-02,3.604035819502603155e-02,7.465719847595152225e-02,4.215232749447296590e-02,3.760380669538179038e-02,6.961904477718089401e-02,1.875180605800283173e-01,1.412492624173407318e-01
7.020788709475593581e-02,3.607588775481920806e-02,3.599209946107427560e-02,8.307776901397795344e-02,3.842531151142718898e-02,1.843342462388570038e-02,1.908027025159659759e-02,3.517432571412371090e-02,4.223935464269663181e-02,1.438142273838064096e-02,1.838650317938853723e-02,3.606583315956982116e-02,7.447773854399780680e-02,4.222259698394764671e-02,3.761424082797621554e-02,6.977889103078185884e-02,1.872267602544217813e-01,1.411396832131784074e-01
6.990299444325541456e-02,3.614170180749678302e-02,3.583106685175223294e-02,8.334808567993816364e-02,3.862340498654294463e-02,1.838823879331347860e-02,1.903314397317445658e-02,3.504097359474978024e-02,4.197286016152770166e-02,1.449179597886548869e-02,1.828019185218493839e-02,3.607079600238118078e-02,7.472121272420625959e-02,4.206402476810491148e-02,3.767124131784768681e-02,6.945730081110017273e-02,1.877169967467145484e-01,1.412439695068438139e-01
6.999339698659243214e-02,3.614388268939415505e-02,3.586424601310596316e-02,8.329466925148132361e-02,3.857975397802502343e-02,1.841896035262097567e-02,1.903213957050592722e-02,3.506576538322281333e-02,4.198593084221009797e-02,1.446361748560487555e-02,1.827745745618598872e-02,3.606976212459487435e-02,7.473374401716453841e-02,4.207015875675473859e-02,3.762292486879795922e-02,6.949139861590639122e-02,1.876574594117515482e-01,1.412347321960804036e-01
7.036309517338940056e-02,3.624125769167103189e-02,3.550442800930467269e-02,8.310445338869076881e-02,3.892364889489237367e-02,1.867325110761028362e-02,1.899199203762269583e-02,3.524777946825572578e-02,4.146943684239410427e-02,1.467864075096122004e-02,1.842488155175645709e-02,3.583558741710977935e-02,7.445705335237999545e-02,4.224352195813853295e-02,3.748724496353773167e-02,6.931580354620575646e-02,1.873864475980302757e-01,1.416514762480491907e-01
6.925738817350698961e-02,3.596228814695671960e-02,3.582355856351276263e-02,8.245907433994829894e-02,3.899643839131170658e-02,1.908650559317700418e-02,1.926998665515127288e-02,3.595333785125065518e-02,4.155622296324541082e-02,1.486644116776881901e-02,1.837495708454508353e-02,3.593096211198550105e-02,7.369673484371369598e-02,4.339103358298809082e-02,3.726008102433569363e-02,7.019269407479046541e-02,1.864752170359911254e-01,1.414470783958206579e-01
6.950936651741361494e-02,3.588887359523411369e-02,3.526642659655061796e-02,8.376716253423749370e-02,3.880476624678496494e-02,1.857315004125373661e-02,1.845618013546086733e-02,3.545441394514629863e-02,4.124860177852887611e-02,1.448338083513870875e-02,1.801754298873759971e-02,3.588887359523411369e-02,7.486909470070837735e-02,4.234310589701931887e-02,3.789824947689021672e-02,7.018194347572262459e-02,1.877471553112226577e-01,1.416017123287157953e-01
7.035426978642110585e-02,3.612601994136276778e-02,3.526689428965738143e-02,8.430117029146921848e-02,3.859654047213745970e-02,1.816559213804919137e-02,1.864430891909895846e-02,3.492067947479102902e-02,4.147738967238337460e-02,1.410077375609982905e-02,1.777236049647259661e-02,3.570714275794421855e-02,7.562442863494218959e-02,4.193473516856485034e-02,3.737410297767108924e-02,6.969175995550401514e-02,1.883975261070765517e-01,1.415443051603541835e-01
6.990755968056810987e-02,3.598523845019096362e-02,3.575723181010628110e-02,8.275555289168928796e-02,3.857293285750128947e-02,1.871102109901310456e-02,1.908379385978647980e-02,3.544598465062560183e-02,4.183017057299680264e-02,1.461775903654041059e-02,1.851558683608337322e-02,3.611552795881078914e-02,7.409491972148844752e-02,4.249971388118198995e-02,3.772243189845524147e-02,7.020071107496270169e-02,1.868707852761360699e-01,1.413130784438631771e-01
7.024544802090039453e-02,3.580566078029318033e-02,3.547975529763352370e-02,8.300702787560705620e-02,3.844219951641621863e-02,1.850703718384144950e-02,1.913321513367067378e-02,3.528201489242429462e-02,4.157308926556232964e-02,1.442040214285074048e-02,1.843013813737119644e-02,3.620480345006735906e-02,7.427715517155521197e-02,4.263136661936726968e-02,3.758532442717622823e-02,7.063360511260739771e-02,1.869774926264453074e-01,1.413642643462101889e-01
7.003773497944001947e-02,3.604814009698097815e-02,3.571412570591216140e-02,8.277747952574944501e-02,3.864038221897155012e-02,1.862130230208635523e-02,1.917678275679862016e-02,3.533291362914884465e-02,4.181351893412528498e-02,1.464943552133328962e-02,1.849786220103918563e-02,3.622966965734446265e-02,7.408584417554575641e-02,4.245613357781201358e-02,3.779808505888497538e-02,6.973639590923663700e-02,1.870626345217741016e-01,1.413215592278162236e-01
6.971045685230484179e-02,3.605291726394480034e-02,3.557919025952292758e-02,8.356315135257651183e-02,3.854380441622751868e-02,1.829961573532855670e-02,1.882300766763336103e-02,3.517805045739150899e-02,4.157718539615463255e-02,1.449833856274986704e-02,1.830725649346439179e-02,3.607201915928438807e-02,7.507426906366210240e-02,4.199360671455772132e-02,3.774534519103259905e-02,6.956528244772394731e-02,1.878963534312507733e-01,1.415201495351895988e-01
7.038688128684010559e-02,3.615368551395575086e-02,3.618724747059583191e-02,8.302482251497791954e-02,3.842471124660134379e-02,1.846653436463216794e-02,1.902590030863354764e-02,3.508716111405978805e-02,4.265724688954510707e-02,1.452859811886246695e-02,1.862688593524589736e-02,3.596723019928862314e-02,7.428379736338303063e-02,4.185921814276980651e-02,3.793992742846682281e-02,6.906677765899685295e-02,1.871485543642908977e-01,1.411648200788540586e-01
7.069814772241654610e-02,3.617266544895092473e-02,3.542751115527899980e-02,8.415341187613274709e-02,3.812706135954656989e-02,1.794253101867912537e-02,1.879226837111201698e-02,3.449933650877538144e-02,4.189531969552781621e-02,1.403373919748782638e-02,1.803730941568125468e-02,3.600271797846434085e-02,7.572793920470201334e-02,4.121226159299522240e-02,3.771199734508896839e-02,6.965231713480683762e-02,1.884895790821797812e-01,1.414238858921735564e-01
7.028568016461368695e-02,3.587267437316193908e-02,3.519384055082443175e-02,8.200875337627647199e-02,3.794786585077401103e-02,1.891589790948768751e-02,2.087853662899198659e-02,3.522197874035137150e-02,4.167969323678488019e-02,1.550765970303666710e-02,1.884203516197945766e-02,3.598522713126971195e-02,7.344419193901308152e-02,4.266804714391875947e-02,3.710020289127484439e-02,7.074996029180825874e-02,1.866125815550488121e-01,1.410851733513840134e-01
7.033310128684523710e-02,3.588797910373058009e-02,3.532000853106758570e-02,8.193592869981779214e-02,3.800463962297154913e-02,1.898291709005939937e-02,2.088085602231212756e-02,3.514009238693210913e-02,4.176171204462425512e-02,1.555392704888903209e-02,1.888766736669355434e-02,3.602556203748124436e-02,7.337403689948808483e-02,4.258368187959617190e-02,3.714033657761482005e-02,7.050948966344865176e-02,1.865960709002087159e-01,1.410819928382190946e-01
6.999218978813183389e-02,3.580604358863852948e-02,3.522049626399079147e-02,8.181884323745397536e-02,3.814472661582437446e-02,1.901801610113350652e-02,2.086582113160868196e-02,3.503817015092683396e-02,4.138101512270974530e-02,1.563095792382986071e-02,1.892685304460152429e-02,3.632497175658980920e-02,7.332314762295424893e-02,4.261171638589149324e-02,3.725062740752993484e-02,7.082668238253997384e-02,1.867059916298720590e-01,1.411137298457727784e-01
7.014575635053943437e-02,3.595553377296959591e-02,3.518447830831223505e-02,8.204977054174081297e-02,3.807255447856393304e-02,1.885027701754444021e-02,2.072380652377329296e-02,3.487335066467855960e-02,4.139012206991862786e-02,1.557329129275065657e-02,1.886380430639808189e-02,3.632077057201781728e-02,7.373048789675348824e-02,4.214088660129552966e-02,3.737589910260157716e-02,7.040615666097196912e-02,1.871732677042084458e-01,1.411697861349615335e-01
6.938242463206228949e-02,3.582368230465311776e-02,3.519532121378763506e-02,8.148458824087831398e-02,3.826257535224966005e-02,1.922358930529151355e-02,2.119742414439439171e-02,3.534087378285816899e-02,4.139373061859630970e-02,1.592558109391278495e-02,1.901058554567609457e-02,3.638104214231346195e-02,7.284728578847309011e-02,4.304805981827605765e-02,3.731115855930079717e-02,7.062494656315222719e-02,1.864848918893942664e-01,1.410622390047298891e-01
6.995551582511969069e-02,3.603397904865027895e-02,3.527200309217923963e-02,8.227639490698614166e-02,3.820084817486477796e-02,1.878066631998472416e-02,2.081486998949221359e-02,3.489441679232083149e-02,4.156850976819657928e-02,1.558989200226226779e-02,1.877726464160761957e-02,3.612582436483205428e-02,7.381301910475429606e-02,4.228626390576527977e-02,3.719735305361944466e-02,6.996231918187389986e-02,1.873326363349971657e-01,1.411182234924933943e-01
6.909533663378465695e-02,3.584353917889462199e-02,3.523204456088530750e-02,8.152432026495065598e-02,3.826107604079189567e-02,1.927274607109578930e-02,2.129565559230100699e-02,3.535647660524766922e-02,4.145364677900330308e-02,1.594507768471953649e-02,1.903454758617355649e-02,3.638037457028651250e-02,7.288518118493539366e-02,4.312459137472641341e-02,3.724784367955553954e-02,7.041076110275817923e-02,1.865719990347575463e-01,1.410647820551324261e-01
7.357973042874417502e-02,3.415664377776059246e-02,3.581181153791639094e-02,8.546684434259037288e-02,3.701556990893879046e-02,1.519744943415779655e-02,1.579932861966899804e-02,4.243248257853958483e-02,3.686510011256098618e-02,1.670214739793579595e-02,1.549838902691339643e-02,3.054536866469339390e-02,8.155462963676757271e-02,4.453905972782879613e-02,3.235100622122698971e-02,6.951704592654357751e-02,1.888706220848261619e-01,1.440967705723865677e-01
8.060941367596691220e-02,4.711676996552995739e-02,3.576333141961912654e-02,8.004174174867137448e-02,4.058854280163122497e-02,1.986851745534395919e-02,2.015235341899172805e-02,3.576333141961912654e-02,4.683293400188218852e-02,1.504330607333185382e-02,2.072002534628727272e-02,3.065428407395924884e-02,7.550036633030704492e-02,3.434415160138027528e-02,3.661483931056244007e-02,4.995512960200766683e-02,1.893503028389738052e-01,1.410806589159348534e-01
6.979759655496876880e-02,3.591833481646277554e-02,3.470802610301296220e-02,8.289207351417900160e-02,3.812003335462470915e-02,1.853617505069002011e-02,2.033443735103534697e-02,3.470177127762046065e-02,4.047497511490302791e-02,1.529617549737217683e-02,1.840795113014365852e-02,3.632489846697563307e-02,7.492029855143075845e-02,4.194173166944556441e-02,3.705671303789877941e-02,7.104543422077361225e-02,1.882494001550543139e-01,1.412739741334083921e-01
7.095512871994025250e-02,3.607191278896616088e-02,3.586237978348959243e-02,8.067020710847883080e-02,3.783279593114424744e-02,1.897885491912763845e-02,2.142474980997911838e-02,3.529019349930357513e-02,4.249087582212333902e-02,1.600106855283563514e-02,1.947851054757175973e-02,3.630965216056457334e-02,7.227679844679243959e-02,4.247475789862514839e-02,3.751446694205484017e-02,6.979060874719547614e-02,1.857651756820906108e-01,1.408118626397168449e-01
7.160862533935771768e-02,3.581486403883495095e-02,3.610326812910152200e-02,8.128774797854791678e-02,3.758749405705873875e-02,1.870757751375460090e-02,2.082136846802542726e-02,3.546666885668385560e-02,4.283855877374150023e-02,1.501459830912171486e-02,1.878143709784725959e-02,3.601885717585277119e-02,7.278334443873617221e-02,4.304606903381134886e-02,3.694386053853700863e-02,7.153476575526505898e-02,1.853592985304862162e-01,1.402815959652362332e-01
5.805327990509264596e-02,4.181460021136043648e-02,5.612493669146194353e-02,4.597576188287930826e-02,5.460256047017455344e-02,4.353995992881948274e-02,3.775493028792738237e-02,3.623255406663999229e-02,5.795178815700681441e-02,4.739664635608088067e-02,4.912200607353993387e-02,3.054901617383371654e-02,3.136095015852032736e-02,3.948029000538643557e-02,4.191609195944626109e-02,3.948029000538643557e-02,1.614071279982230156e-01,1.272372096682204134e-01
7.079394687019997801e-02,3.583302183886687142e-02,3.536019826851724557e-02,8.177045849594612170e-02,3.771380892981315847e-02,1.881837809991512844e-02,2.072718436540066031e-02,3.517106884037739245e-02,4.162948857167154959e-02,1.540704359976301056e-02,1.879035892537589403e-02,3.607468721926779254e-02,7.362388349866293147e-02,4.237199669696133791e-02,3.702383675678445202e-02,7.140686631324580369e-02,1.864473429460599685e-01,1.410364297631707675e-01
6.985220605031243479e-02,3.607586337677071847e-02,3.516492565012065141e-02,8.209357145563239699e-02,3.803420890147909267e-02,1.893181065610939282e-02,2.099250873437395748e-02,3.490222076265977330e-02,4.155172499202672287e-02,1.559511741017769598e-02,1.880557584005676172e-02,3.624645096603102551e-02,7.374501483723273909e-02,4.225795761156440900e-02,3.723585898374083547e-02,7.003302889492836469e-02,1.872655399355094008e-01,1.412164149412737102e-01
6.982894430488537085e-02,3.608101664991585772e-02,3.517711521181530326e-02,8.205037393776951071e-02,3.803890127432989904e-02,1.888642363306712937e-02,2.101485569863222047e-02,3.495881448714195650e-02,4.158628805027170944e-02,1.559485801885189017e-02,1.881820465660671154e-02,3.624815314224388851e-02,7.367990552607604771e-02,4.233669679133632291e-02,3.723732830091996959e-02,7.004042313191267966e-02,1.871996006207076735e-01,1.412220965635159753e-01
7.022464437186844155e-02,3.592080697073674750e-02,3.527057878210833330e-02,8.199755898290772560e-02,3.795750055628182434e-02,1.899767226246607682e-02,2.092427430284655651e-02,3.496438667211929779e-02,4.158708118592718828e-02,1.556419219764515298e-02,1.883941566629196776e-02,3.615475150421151862e-02,7.364092263275739958e-02,4.236116236286577297e-02,3.711117180282897526e-02,7.042074493669288338e-02,1.868974918400137519e-01,1.411656429694304327e-01
6.989167506090480930e-02,3.607433421361373044e-02,3.517290267245007374e-02,8.208148794709516083e-02,3.807865358733746042e-02,1.886177209616679909e-02,2.098901395277648699e-02,3.492364319326466543e-02,4.152389762155764275e-02,1.561456983992953740e-02,1.879348182789682478e-02,3.622115829039417034e-02,7.372275911085035549e-02,4.230240667983534847e-02,3.719770912665479323e-02,7.011361843278222927e-02,1.872367243674826209e-01,1.412001919790072946e-01
7.005912099062759635e-02,3.574560410307647818e-02,3.532481798295914605e-02,8.178102005103896066e-02,3.801926355883651631e-02,1.905206399321160080e-02,2.089432927540596854e-02,3.515155310996966043e-02,4.149163305425852127e-02,1.556201440870903091e-02,1.893537540527990420e-02,3.625125465078049558e-02,7.333700950616343917e-02,4.275752743242663273e-02,3.708575485538293665e-02,7.092898137339115339e-02,1.864940334338318906e-01,1.411286428146500960e-01
6.973496686331911998e-02,3.578342952493313023e-02,3.522436837779110291e-02,8.189366778669721070e-02,3.811812513312371614e-02,1.908894948323297189e-02,2.101226047371527669e-02,3.498175693657853275e-02,4.138107321204068101e-02,1.571348595331887102e-02,1.893775684595556952e-02,3.631787791716952624e-02,7.339875123641338706e-02,4.261522706516551739e-02,3.717580823102269866e-02,7.058586496148497313e-02,1.868458602957236703e-01,1.411907697023140618e-01
7.011822663283880097e-02,3.575799546428645032e-02,3.527320126551285184e-02,8.177805790991191093e-02,3.802980477532770520e-02,1.906267407878388040e-02,2.087445969755821751e-02,3.514581008919277771e-02,4.144813467324959949e-02,1.558772588027529035e-02,1.897420798411716611e-02,3.625340559442005728e-02,7.332777654734723427e-02,4.270435321751695629e-02,3.714160518487388818e-02,7.086488047182587513e-02,1.865236838246448758e-01,1.411339967083165836e-01
7.054667302253446459e-02,3.578940714315931304e-02,3.524233580193095183e-02,8.173245837951699511e-02,3.798863393489732010e-02,1.914020265844288901e-02,2.085071238535022783e-02,3.524233580193095183e-02,4.160659907155420806e-02,1.562435750548196375e-02,1.901619982109779491e-02,3.601552996420036984e-02,7.316532117588087081e-02,4.266791747353722991e-02,3.715343835395535504e-02,7.085668011589718596e-02,1.862600795771379159e-01,1.411011178134940203e-01
7.264049363670491144e-02,3.628276093919653722e-02,3.551519293743256311e-02,8.271169983659405756e-02,3.834269925090729586e-02,1.827882869316995590e-02,1.846447304708496648e-02,3.479403602414734425e-02,4.045975890228420413e-02,1.452310061012019281e-02,1.819314668367072452e-02,3.583293038932555685e-02,7.570719556003166484e-02,4.079177668909374221e-02,3.683969400094155855e-02,7.133741307557071865e-02,1.876936841808057865e-01,1.415911155429183388e-01
7.095046725465503634e-02,3.633239320170957715e-02,3.590294054326153422e-02,8.253521457766795077e-02,3.871009450579993016e-02,1.862008965449905504e-02,1.953136724681562436e-02,3.487644394501988876e-02,4.166738232454373497e-02,1.508321532110180364e-02,1.840012609773298419e-02,3.595182133365400212e-02,7.439307149229539007e-02,4.170578865985209022e-02,3.726461970419434055e-02,6.918377583047041757e-02,1.874413611100912980e-01,1.414498271966353471e-01
7.208553294320205196e-02,3.634603894029411059e-02,3.544160506916207987e-02,8.284183576773661295e-02,3.852098705896876696e-02,1.836144319329956545e-02,1.868804431343057751e-02,3.462330775718547304e-02,4.051289498943812933e-02,1.482266622133057016e-02,1.827530663414413115e-02,3.580768544557266092e-02,7.559559772878590711e-02,4.066363396796014024e-02,3.701359727374870651e-02,7.049918464542286045e-02,1.880215278122991940e-01,1.418791102380184965e-01
5.762938135535059653e-02,3.358401878984224737e-02,2.955989819520138742e-02,9.086563663701399673e-02,4.267555050366048097e-02,2.131293500124603960e-02,1.654360688907909396e-02,3.502475332372601002e-02,3.204392325362166727e-02,1.455638684234286662e-02,1.609648237856344324e-02,3.497507282255760824e-02,7.929007986477547287e-02,4.605382458311207267e-02,3.547187783424166074e-02,7.765062332621809615e-02,1.934157187794238730e-01,1.432502296200234559e-01
7.230659497032819460e-02,3.630687988739503269e-02,3.551547880295793935e-02,8.281885869008853707e-02,3.851123907235681765e-02,1.832147716025608192e-02,1.849493493218749840e-02,3.462289401822751106e-02,4.041927456360241283e-02,1.467525024611438661e-02,1.824558938503608244e-02,3.585516693965696416e-02,7.571070374448227169e-02,4.065055159284430841e-02,3.693566431064643218e-02,7.076354354085494236e-02,1.879168946867739443e-01,1.419290034561906388e-01
