6.865517313378367847e-02,3.608341502819824992e-02,3.537804324807169304e-02,8.298759801101038280e-02,3.914509340141999333e-02,1.901159371177314414e-02,2.011829771162688268e-02,3.513481159975219426e-02,4.187840904941040471e-02,1.549385599795233444e-02,1.847952448107422971e-02,3.616854610511007623e-02,7.342859423205393143e-02,4.282093168664848071e-02,3.804447019277424485e-02,6.855484007885188913e-02,1.876635994757068493e-01,1.409532028547813565e-01
6.861878318640414476e-02,3.619073412168848786e-02,3.535424875842520243e-02,8.286002144984712381e-02,3.881412011758587910e-02,1.876245664265814919e-02,2.019257677985021246e-02,3.527030040655648735e-02,4.174931427756707614e-02,1.532357237146465476e-02,1.839368352552057592e-02,3.639161053508862403e-02,7.383857177938397964e-02,4.276269081083943630e-02,3.791767164584494004e-02,6.869373707200120138e-02,1.879081773776216102e-01,1.409577291416522216e-01
6.864121208516106576e-02,3.605242111752808565e-02,3.534586461993664136e-02,8.287456723238631473e-02,3.869824970425352756e-02,1.884250881023672233e-02,2.019548933753950379e-02,3.518651358005431273e-02,4.172892608541175358e-02,1.539691840070564130e-02,1.850877361350203656e-02,3.642223579499084818e-02,7.384567718018575366e-02,4.263391972700762006e-02,3.800371970023810192e-02,6.871337104661720541e-02,1.879049805783526983e-01,1.410046513858921324e-01
6.954440364001265862e-02,3.615426377975189398e-02,3.557579555927586901e-02,8.274182809272868921e-02,3.893926026389937789e-02,1.868989075228741359e-02,2.001678950544119248e-02,3.556088658452132706e-02,4.211189009166482061e-02,1.526380835369484275e-02,1.832909356322762195e-02,3.602902839181378741e-02,7.342371887114315654e-02,4.309886422041516590e-02,3.781214177245639796e-02,6.878702772248218578e-02,1.872892656014596979e-01,1.406320432337239135e-01
6.945479480839122921e-02,3.600775343514209942e-02,3.530429723328703390e-02,8.343187784711901533e-02,3.880514234999566520e-02,1.867774831280604592e-02,1.955213779735486684e-02,3.523526648450686638e-02,4.120149548622156765e-02,1.532811340771112092e-02,1.832602021187850969e-02,3.580394836731493058e-02,7.473729067933090886e-02,4.225667978900417288e-02,3.747712223060572362e-02,6.873490271396945350e-02,1.881415958507733355e-01,1.415238129945874945e-01
6.847577875193275321e-02,3.608418317260849578e-02,3.531791091060343390e-02,8.304400218981641824e-02,3.881440520849267772e-02,1.880082179848642857e-02,2.020967670540124717e-02,3.530886045081597230e-02,4.165624958175554587e-02,1.543405075755079590e-02,1.842070248741304803e-02,3.627122600821602871e-02,7.397845830270927125e-02,4.281470843455060377e-02,3.783393873151769810e-02,6.840035825370391342e-02,1.880221371410028264e-01,1.411125311134227844e-01
6.833584451809326943e-02,3.627518834293053801e-02,3.532351978891844907e-02,8.281329121912793523e-02,3.908789762478848129e-02,1.883397385940109928e-02,2.008473824467412600e-02,3.520871532843445478e-02,4.155317235518169589e-02,1.539890355491937632e-02,1.844122175774531858e-02,3.661658055436979586e-02,7.376790820099400625e-02,4.270725930004714427e-02,3.816039843087828953e-02,6.826333643778757787e-02,1.881069859588685445e-01,1.410210645228399118e-01
6.847043912483959105e-02,3.613253461027276375e-02,3.544591619423630158e-02,8.301095124497458178e-02,3.920712680951567858e-02,1.893365472893465684e-02,2.005472639051631215e-02,3.516033154331848348e-02,4.189587591656111776e-02,1.543676182248346872e-02,1.849008707963676473e-02,3.622064051321549627e-02,7.348336118882262125e-02,4.285288831059424347e-02,3.805263566750746729e-02,6.844917218274997051e-02,1.877378867347217761e-01,1.409650099370987897e-01
6.868051683247475281e-02,3.621942524925301360e-02,3.532833646069399175e-02,8.319556516039715299e-02,3.900180452781487617e-02,1.870074090275239409e-02,2.006768322805893220e-02,3.527681091849840106e-02,4.170234912171315311e-02,1.535461157428584002e-02,1.824307285148568311e-02,3.617396153555102467e-02,7.403614230656932471e-02,4.277226185083335408e-02,3.783490254279710252e-02,6.825315792367604717e-02,1.881504562370288902e-01,1.410082007761161160e-01
6.875865900892901006e-02,3.584134113401922506e-02,3.561447726046763212e-02,8.314560965665927783e-02,3.863302713355690199e-02,1.873202400366982823e-02,1.986634337142779982e-02,3.515759862623178689e-02,4.173665095922800966e-02,1.535112211032454294e-02,1.837912464481179439e-02,3.624780557413249948e-02,7.423174995836122336e-02,4.246450588687271377e-02,3.785475801178962013e-02,6.883743118724554300e-02,1.879126928347501779e-01,1.412350786375223544e-01
6.925630361726435591e-02,3.617733033175252189e-02,3.523918238149637699e-02,8.305078170162277784e-02,3.907509653336607020e-02,1.877221704410565392e-02,1.980911741017823274e-02,3.544903126510630387e-02,4.126616575929324682e-02,1.535600065945581794e-02,1.832474515993742781e-02,3.604154576000492133e-02,7.412603212221235971e-02,4.279991421744226698e-02,3.761541238707936941e-02,6.855577866756651373e-02,1.879068909690805866e-01,1.411784540130350818e-01
6.841395439378503140e-02,3.611592285591556928e-02,3.532153565920186089e-02,8.301799278203891852e-02,3.899444376263861561e-02,1.880855161192491673e-02,2.015568731433675306e-02,3.521279824824485177e-02,4.155581388740373083e-02,1.542863042134454479e-02,1.838870438628535317e-02,3.642099170332273317e-02,7.390821413075168711e-02,4.281837604796011332e-02,3.792821303853238790e-02,6.826293021190028842e-02,1.880931475292440813e-01,1.411540920151685696e-01
6.940020376814905190e-02,3.687453285494673300e-02,3.509251511660985146e-02,8.302232900110073643e-02,3.949369882269229692e-02,1.870964737711552917e-02,2.012233501424269544e-02,3.549877822794053617e-02,4.157733614368377961e-02,1.544723148309637244e-02,1.832492852168874503e-02,3.564035476673759611e-02,7.391834200628125129e-02,4.279304772683243524e-02,3.744699451182179062e-02,6.735349945727854559e-02,1.881029662996177021e-01,1.411812589001644747e-01
6.857177734081845721e-02,3.621956347218741740e-02,3.531437511241256044e-02,8.285029671693486253e-02,3.876371414451144914e-02,1.872927941753431413e-02,2.032613994590790063e-02,3.529933876092128386e-02,4.162964273874879273e-02,1.545135479243598189e-02,1.834434881935762679e-02,3.633684701381938165e-02,7.399388568857286075e-02,4.271827458671723088e-02,3.777732948668369173e-02,6.855674098932718064e-02,1.880517890460174923e-01,1.410653019270914910e-01
6.877913498770996115e-02,3.563039619650174017e-02,3.565521277055467425e-02,8.309829821625358548e-02,3.853703743245177893e-02,1.876132998401902618e-02,1.973227844384011637e-02,3.499136941463865808e-02,4.163600711731206550e-02,1.533354069295734916e-02,1.836116272741544417e-02,3.641832242268243369e-02,7.421086263354614854e-02,4.229985047322807473e-02,3.800037901855705252e-02,6.943987627186935796e-02,1.878356301094553094e-01,1.412793110870071978e-01
6.900967812060918027e-02,3.627974306238464230e-02,3.548926429324634341e-02,8.305022666686495691e-02,3.902144080069704091e-02,1.849250146538041276e-02,1.995003852669118352e-02,3.535996665071070716e-02,4.188655901597527348e-02,1.547457694528734176e-02,1.828092350486755849e-02,3.615044541984901300e-02,7.390829562303873057e-02,4.257712597042694752e-02,3.807227856117410131e-02,6.780192059601497512e-02,1.880578676187868725e-01,1.411371471579947467e-01
6.855737141928594514e-02,3.612201476134650063e-02,3.531715972160023864e-02,8.293925679242991622e-02,3.868428735978967498e-02,1.881310974927510177e-02,2.017262144562553469e-02,3.533826079005800147e-02,4.164446582057931834e-02,1.538870778241457904e-02,1.839711725682197097e-02,3.629082330900863795e-02,7.404666365665656114e-02,4.268444705171213494e-02,3.783421574477676547e-02,6.864479013146812525e-02,1.879724098457105641e-01,1.411522773614404258e-01
6.876218399870823172e-02,3.605214507471539431e-02,3.539512420666491438e-02,8.295863490105934157e-02,3.889023521707045405e-02,1.872959488237065789e-02,2.008563795250225409e-02,3.534412258677057522e-02,4.162932221492475493e-02,1.539648901751180729e-02,1.842658525829258057e-02,3.627415212602012884e-02,7.388334665515652877e-02,4.287136166411608523e-02,3.781920119928953300e-02,6.860317894844944475e-02,1.878472797061307986e-01,1.410314043902465564e-01
6.875311281686277698e-02,3.565308604956007182e-02,3.558500446869987399e-02,8.305643403212766007e-02,3.859606711310764604e-02,1.867601547687657709e-02,1.971890151096231114e-02,3.515485266235590656e-02,4.149881815160146731e-02,1.529669337236137794e-02,1.834179680719924543e-02,3.651957889687166420e-02,7.419654466836665685e-02,4.252004186450441398e-02,3.801118444117232431e-02,6.937203627922820803e-02,1.878547890909983142e-01,1.411950422971435803e-01
6.887423893519988016e-02,3.623559976982253239e-02,3.525625923550300411e-02,8.315326573805621735e-02,3.897714873472318126e-02,1.878882951027835077e-02,2.000695986623751352e-02,3.534089360266641500e-02,4.167940317201224848e-02,1.532184311254841495e-02,1.815709441252285131e-02,3.603005916385423890e-02,7.398555018067617950e-02,4.276755932125617110e-02,3.776808634667438297e-02,6.846013506729316245e-02,1.879696566688589809e-01,1.412274171618162766e-01
6.916144928841094774e-02,3.637893417551985031e-02,3.554648462313213936e-02,8.309683254261658603e-02,3.905106761414516708e-02,1.849163738791489292e-02,1.996693944161268344e-02,3.531837567105437087e-02,4.192761037346354885e-02,1.529218715097992350e-02,1.841757603983769712e-02,3.606195160574943853e-02,7.404357335365986670e-02,4.266229894638936398e-02,3.777128751937117862e-02,6.757949889348198458e-02,1.880631949767662126e-01,1.411691003958941426e-01
6.890463369983498843e-02,3.622817814880869430e-02,3.549595817783730844e-02,8.287150177682875429e-02,3.901425994706914785e-02,1.870958747403253519e-02,2.007984144460555828e-02,3.548684340641442697e-02,4.190364248812223497e-02,1.536446636183542297e-02,1.840880001707748126e-02,3.612487740601605379e-02,7.367469741114240911e-02,4.298830028744501236e-02,3.781718663353085541e-02,6.832128832877064351e-02,1.876746209230497620e-01,1.409313160675788046e-01
6.950964937431747259e-02,3.598544746835676683e-02,3.530852278764436830e-02,8.341289366603672761e-02,3.878186932896964673e-02,1.867129143596047217e-02,1.954866468717509145e-02,3.521651360774170902e-02,4.119382425927499425e-02,1.532610053807104133e-02,1.832625701132551202e-02,3.580800119283021610e-02,7.473117033379321483e-02,4.223549961745863557e-02,3.747073851535678846e-02,6.887215719927763935e-02,1.881049727833169483e-01,1.414964261930927447e-01
6.866459176016574684e-02,3.615852972273599780e-02,3.536621134235731767e-02,8.304336964044696512e-02,3.898566576181445448e-02,1.873953017835023119e-02,1.999403428061646837e-02,3.530918842861794499e-02,4.165373788361992347e-02,1.529114450011121416e-02,1.838838907795513344e-02,3.631759364000898549e-02,7.392870706010588877e-02,4.283921424820165413e-02,3.789922919478005969e-02,6.843650010520824223e-02,1.879697104749059322e-01,1.410146526999978556e-01
6.896893665910598659e-02,3.607729819617191275e-02,3.546283573826274071e-02,8.277346216980326077e-02,3.867235809122519796e-02,1.875005344862642684e-02,2.024743283634683130e-02,3.538826505162327718e-02,4.191469154630902971e-02,1.529892207095210656e-02,1.836526870556679999e-02,3.626819915396893579e-02,7.372654646670369349e-02,4.293481853953687311e-02,3.776856136915492101e-02,6.892121141965673603e-02,1.875867560291779312e-01,1.408743825078073719e-01
6.856937461134371414e-02,3.602858750115422309e-02,3.536467373164241951e-02,8.297420051545732755e-02,3.880440796734838105e-02,1.875781708973626311e-02,2.016976040046272733e-02,3.524450834349548978e-02,4.165232766643069823e-02,1.538717795221478807e-02,1.842435813762852495e-02,3.636505058796563744e-02,7.391373024917856360e-02,4.280291125793758006e-02,3.787012207450597689e-02,6.866250278715758937e-02,1.879324540270861654e-01,1.410760350992539269e-01
6.895395304863331798e-02,3.626039728456076361e-02,3.541129167532467564e-02,8.265624532725648899e-02,3.886452047345030636e-02,1.868630302016035388e-02,2.008553339030996060e-02,3.541727129229112897e-02,4.176164489369597194e-02,1.534369713591406809e-02,1.840227121425391452e-02,3.641287751720526794e-02,7.370475872847888354e-02,4.276323073557656423e-02,3.802139448118067172e-02,6.874765626329074064e-02,1.877386581842631075e-01,1.407682953341538035e-01
6.856948589842705444e-02,3.612220237576935916e-02,3.534221959878239977e-02,8.295416826632126539e-02,3.890914083661893563e-02,1.871958664768713643e-02,2.013555538129423866e-02,3.519222291090028792e-02,4.166907989364972836e-02,1.535366097161262357e-02,1.842859307319584528e-02,3.648519436044406206e-02,7.384036951060435339e-02,4.276405571518911847e-02,3.802716031187213658e-02,6.851248715703185665e-02,1.880171629716661241e-01,1.409576541189334342e-01
6.895527349391192273e-02,3.618814604596954504e-02,3.554743981369298117e-02,8.308020079813750736e-02,3.909483624652700107e-02,1.859223681367687397e-02,1.980899085111952757e-02,3.538873276533089501e-02,4.184575841813647362e-02,1.551802250651500119e-02,1.836299329937608402e-02,3.605589017233447324e-02,7.387225297372246313e-02,4.258639131049286874e-02,3.806324043217344105e-02,6.786783631069022438e-02,1.879409181305010668e-01,1.412308396176915892e-01
6.849673411284237790e-02,3.615566841857383723e-02,3.534623569480992850e-02,8.294269201494233745e-02,3.889807481102768721e-02,1.886159462651354132e-02,2.015125049609261046e-02,3.529187081037802459e-02,4.159819740447894681e-02,1.536412039472768477e-02,1.837835120934105948e-02,3.639124958444542313e-02,7.394530364146213730e-02,4.282140730419680547e-02,3.785608119274951749e-02,6.833968000226132988e-02,1.879870629594435349e-01,1.411744253217131762e-01
6.852799659199845794e-02,3.624209508768241189e-02,3.552769897778772917e-02,8.271086053843704211e-02,3.900962959744248837e-02,1.879041868882655800e-02,2.061843226414530883e-02,3.534159578949583325e-02,4.178316743585714504e-02,1.561765949488252113e-02,1.852927389235245470e-02,3.622708676604596834e-02,7.368485590628025272e-02,4.310990306851869569e-02,3.748178245485259824e-02,6.816479520839653639e-02,1.878706381891170896e-01,1.407621100478809173e-01
6.879549145699277723e-02,3.620208329726076757e-02,3.512160529140690574e-02,8.313307038860411058e-02,3.900343498097737921e-02,1.886587439434716032e-02,2.004043896812649633e-02,3.536744438824444836e-02,4.153163211265228222e-02,1.538163633052628924e-02,1.829528488563782196e-02,3.614745238685242862e-02,7.391865683306389490e-02,4.282759870956126536e-02,3.789867657049758587e-02,6.820365659423574534e-02,1.880018772696562812e-01,1.412640851413564380e-01
6.868778487124854726e-02,3.608082837775031249e-02,3.531219293922954056e-02,8.290453800170105580e-02,3.875003503730094917e-02,1.877752356448784618e-02,2.021271004735084378e-02,3.527316067086715828e-02,4.172849736156893086e-02,1.538772118132398711e-02,1.841122073831779130e-02,3.635705673846870850e-02,7.381902691981102882e-02,4.277035867862637869e-02,3.794536981259951508e-02,6.865776004943133226e-02,1.878755636089710079e-01,1.410486514009450798e-01
6.939917388579962265e-02,3.635899550178440381e-02,3.533878986026901814e-02,8.312471830359456637e-02,3.907009753062621465e-02,1.864709200325341890e-02,1.973971965018501973e-02,3.545529482550379557e-02,4.150725545202407080e-02,1.528734070850985491e-02,1.839518937571875401e-02,3.582999998396160790e-02,7.424829946584188267e-02,4.261562701317658797e-02,3.754608663404149921e-02,6.825931449620527280e-02,1.879258129549115086e-01,1.412511923545928805e-01
6.944312686683090652e-02,3.628820802207100016e-02,3.561614885629884458e-02,8.265730353072441028e-02,3.883904592237955034e-02,1.860558463819905056e-02,2.006619322514387876e-02,3.555342333416010303e-02,4.213960315872727902e-02,1.523035416120997916e-02,1.825014001274621878e-02,3.602535821501344493e-02,7.358599825761306945e-02,4.294010029840256149e-02,3.771297345350797803e-02,6.891145339346448073e-02,1.873525388606145647e-01,1.407824457928926742e-01
6.878907854012183964e-02,3.621702995659187990e-02,3.556877134537633767e-02,8.301540842625197703e-02,3.904284817548144687e-02,1.861091540198798674e-02,1.993100566482690697e-02,3.540965332262343418e-02,4.185982650421807283e-02,1.562008590024355908e-02,1.835455858755274949e-02,3.611095127475661554e-02,7.389558841846971537e-02,4.254639130609634556e-02,3.809108666901499241e-02,6.770177205131032439e-02,1.880565023734392105e-01,1.411785260816366405e-01
6.943266792016923594e-02,3.616483894723543369e-02,3.560036999347975656e-02,8.280371292527065330e-02,3.880500061453712179e-02,1.869318085479779873e-02,2.008792689397188164e-02,3.551077174685186855e-02,4.209325626578050428e-02,1.531532695692652477e-02,1.818844406546071477e-02,3.589007099090991276e-02,7.367365159388913898e-02,4.292353335119891006e-02,3.761035732616531402e-02,6.904739545966932790e-02,1.874096208519342999e-01,1.407498732417515330e-01
6.844702538514073342e-02,3.640519473913270132e-02,3.535333962488260845e-02,8.289474461430267060e-02,3.906540970831172410e-02,1.868571686971610621e-02,2.015342168029763542e-02,3.534416646981647370e-02,4.164918171860629292e-02,1.540478507439530832e-02,1.837994503417828690e-02,3.637767527393429706e-02,7.393562983304456659e-02,4.275301804489781143e-02,3.792488076175565964e-02,6.804034884387542836e-02,1.881772369904044506e-01,1.410082793333072848e-01
6.884887454983958099e-02,3.572681964088129936e-02,3.563584997620412864e-02,8.349195824070834715e-02,3.864088123270670305e-02,1.848503586240132432e-02,1.974648187925810705e-02,3.489596337016312444e-02,4.177023769760141586e-02,1.547090763943102971e-02,1.844864799653045742e-02,3.606340740018684071e-02,7.444654124964154851e-02,4.208559920181561415e-02,3.791918855960114271e-02,6.867906450910885030e-02,1.882106795748011152e-01,1.414338614191193721e-01
6.840679968524472632e-02,3.609780236711555151e-02,3.536419310265045968e-02,8.294011243888646523e-02,3.880279784432015544e-02,1.879609580477221639e-02,2.013349870254190974e-02,3.530985167565305061e-02,4.161949514368611797e-02,1.537560487210165409e-02,1.840362994312422576e-02,3.648724926059701557e-02,7.398283388881271572e-02,4.277274098329791191e-02,3.798465747119242342e-02,6.830113579941642088e-02,1.880413648693418927e-01,1.411801361472451166e-01
6.927950545986612252e-02,3.625104869923131273e-02,3.512189727673080408e-02,8.305639705836410924e-02,3.916569024987312519e-02,1.871965085566964365e-02,2.019719059585626392e-02,3.546095376447888636e-02,4.129334747574186365e-02,1.556860294659796751e-02,1.854234608684724936e-02,3.573157683268149420e-02,7.397341591869056876e-02,4.300107235439966369e-02,3.727443938243425736e-02,6.836498612594008040e-02,1.878449791057469620e-01,1.411528998108496913e-01
6.847438648253011129e-02,3.614916000983327271e-02,3.529134237591009110e-02,8.300291753594739308e-02,3.889780101993924738e-02,1.882668067691266670e-02,2.012850955092989128e-02,3.529134237591009110e-02,4.161019621452733547e-02,1.536822577958152532e-02,1.837360798293915728e-02,3.636663490294056444e-02,7.393542268722416710e-02,4.280026715736442999e-02,3.792520497020943765e-02,6.841699727462680070e-02,1.880346739226663177e-01,1.411066290800074841e-01
6.878899091733053917e-02,3.630647912833470659e-02,3.530958114525824948e-02,8.284555548721408980e-02,3.902446542261915619e-02,1.878652734065057450e-02,2.019854697625431128e-02,3.552471718415924767e-02,4.186668520415628980e-02,1.554130624680593632e-02,1.827141288131015409e-02,3.610952359976337539e-02,7.357046513403160681e-02,4.289691412283713062e-02,3.801241701426798236e-02,6.819812433161653864e-02,1.878117439154607660e-01,1.409365439479293158e-01
6.933650120690713903e-02,3.605818046612448147e-02,3.528821931917728444e-02,8.311247272349915616e-02,3.887803817312589921e-02,1.887904734332862197e-02,2.008231995825475805e-02,3.510822840170910869e-02,4.131791505436116507e-02,1.543922092060349104e-02,1.837573940744539197e-02,3.585152422754990520e-02,7.426291928131385778e-02,4.257451831150008831e-02,3.723812092508251709e-02,6.888319074809839959e-02,1.878263619399857531e-01,1.414874815919330286e-01
6.855926163026096476e-02,3.622660886730293822e-02,3.534467053332513570e-02,8.277708411469904271e-02,3.884190697186688801e-02,1.885639088459816967e-02,2.017166916122251075e-02,3.530805025648175999e-02,4.160063449406736780e-02,1.538051627421504683e-02,1.855427360064037384e-02,3.643717545915231559e-02,7.390887373912979896e-02,4.271450124805317022e-02,3.790198653288707337e-02,6.836700517683326483e-02,1.879446644327751326e-01,1.411047266224890184e-01
6.634933646131573048e-02,0.000000000000000000e+00,3.406887574624215681e-02,1.140164818747258224e-01,0.000000000000000000e+00,0.000000000000000000e+00,0.000000000000000000e+00,0.000000000000000000e+00,4.119957066987423727e-02,0.000000000000000000e+00,1.787840901142535854e-02,4.923164973441633563e-02,1.068886576012240269e-01,0.000000000000000000e+00,5.636234465804840915e-02,1.585833251474263461e-01,2.015842164907947209e-01,1.538371326045067933e-01
6.840415567836406752e-02,3.622871102799262583e-02,3.524106713419073583e-02,8.291678231358745599e-02,3.891679379705585695e-02,1.878939652398016816e-02,2.017874267428251128e-02,3.530147348855171285e-02,4.150218576370542922e-02,1.543382353922820478e-02,1.844205998640458324e-02,3.640993009107553607e-02,7.397060123272758414e-02,4.273447539266925221e-02,3.792612958553592123e-02,6.829844455823236293e-02,1.881136500438966297e-01,1.411915771685194332e-01
6.817782173577664750e-02,3.628736684558334785e-02,3.550166436558237909e-02,8.276771240287161824e-02,3.907963258220219227e-02,1.879944280033094689e-02,2.055820758248697033e-02,3.531128261081291353e-02,4.182052546435943013e-02,1.559317229540390509e-02,1.855164432586910161e-02,3.629945457604490111e-02,7.365356363486035007e-02,4.306858363451481625e-02,3.765328038773888691e-02,6.805996636377649456e-02,1.879398988225962630e-01,1.408767795691888702e-01
6.951327180315147736e-02,3.636122141431047394e-02,3.552295841740421567e-02,8.262520644132692604e-02,3.880406992395146054e-02,1.870765292722502762e-02,2.024342580588536430e-02,3.544476224231967593e-02,4.205077511346150959e-02,1.540151864465073156e-02,1.851059856601199038e-02,3.590768359882014898e-02,7.365141338862526976e-02,4.272951791319529874e-02,3.759359313364279975e-02,6.849984937405585728e-02,1.873975728412911879e-01,1.410349084506706541e-01
6.845177606613644938e-02,3.613152740212106917e-02,3.534204823494203201e-02,8.288926290500826799e-02,3.884781970912021265e-02,1.887187940241384296e-02,2.013020635086778740e-02,3.529365104461688191e-02,4.163065815281643406e-02,1.539030652339824258e-02,1.848167705541730807e-02,3.643098501725794414e-02,7.388133585573940232e-02,4.274984317908556847e-02,3.797969510766279616e-02,6.844875124174112924e-02,1.879505640845847703e-01,1.410980126670699220e-01
6.853681176333699387e-02,3.610043748917831502e-02,3.552320090854758916e-02,8.256026516336581467e-02,3.890327607320344383e-02,1.895002870851352633e-02,2.014771744265642095e-02,3.537194640346252861e-02,4.161350985819690929e-02,1.542487269204138867e-02,1.849317836662396630e-02,3.655420100443348974e-02,7.366711762969135879e-02,4.289762973810269664e-02,3.792166520346777758e-02,6.865719800207815970e-02,1.876675532871314445e-01,1.410093902659681209e-01
6.862142109317241612e-02,3.619459477181111162e-02,3.551009181826325634e-02,8.277682208430457711e-02,3.889958232069978122e-02,1.879080695726325148e-02,2.058912831329467660e-02,3.532695725612984561e-02,4.176668899016557773e-02,1.560246425257982329e-02,1.855963710014401843e-02,3.611653741745916857e-02,7.381223515757698306e-02,4.301860886573336679e-02,3.738647052864663145e-02,6.830318726389139616e-02,1.878545797110308946e-01,1.408701860978331943e-01
6.920457629921637766e-02,3.578431410102509563e-02,3.529420577970589223e-02,8.332802459134955320e-02,3.868972748296312797e-02,1.865294611138386405e-02,1.948580992539035439e-02,3.520771607594367497e-02,4.100893287273504884e-02,1.533750746716571085e-02,1.828136071744250468e-02,3.617832275149739790e-02,7.470788411638236426e-02,4.226143191610635952e-02,3.774795070866347746e-02,6.915972978615449185e-02,1.881582372072028164e-01,1.415113220896719592e-01
6.861059498932953193e-02,3.530252465926825983e-02,3.538448853581101228e-02,8.306355855303498847e-02,3.816443001521938744e-02,1.887559773549150194e-02,2.029288976737660816e-02,3.499174496071032203e-02,4.169570702960299913e-02,1.539554814394711486e-02,1.854432706779787776e-02,3.636463989280143416e-02,7.389043470329187402e-02,4.275440710161355906e-02,3.777851676316392598e-02,7.020547542039060063e-02,1.874571435851165313e-01,1.412279710760325768e-01
6.939702128847653750e-02,3.606576393328654595e-02,3.552480719718483643e-02,8.244240103985238377e-02,3.865165602344307338e-02,1.884431707079583726e-02,2.034235110923134429e-02,3.554858551525524185e-02,4.199548200209375637e-02,1.550940796142155804e-02,1.842225192504615139e-02,3.616384949532696486e-02,7.338880643454574748e-02,4.296742075322154686e-02,3.780158115242610029e-02,6.893631637586244976e-02,1.872401232350450195e-01,1.407578574874848720e-01
6.864705355789824104e-02,3.612179811360931997e-02,3.530986958458214031e-02,8.287685281477463750e-02,3.879514797399882114e-02,1.877659901942862336e-02,2.020499180197644212e-02,3.523469101707962098e-02,4.170606210769627759e-02,1.542363490881636795e-02,1.843077760891704414e-02,3.637740524311788154e-02,7.380731043127100599e-02,4.269240491332929738e-02,3.798923373037184359e-02,6.864705355789824104e-02,1.879274543305764489e-01,1.410316592846578010e-01
6.956952430331435344e-02,3.597914507998499489e-02,3.536226598513436681e-02,8.336727214292556642e-02,3.874853846325060358e-02,1.865074880388825282e-02,1.954325472835299893e-02,3.521460875498395177e-02,4.123902374512097152e-02,1.533338303317554989e-02,1.831605908221397780e-02,3.582164403449121515e-02,7.472112099967335996e-02,4.219387383342700082e-02,3.748853009930037256e-02,6.888045722927907399e-02,1.880732730660444052e-01,1.414972766154390937e-01
6.948509842260561231e-02,3.596550203396110118e-02,3.535245370383675867e-02,8.314192891522161066e-02,3.876037365180999561e-02,1.873412820108166094e-02,1.976216309313631736e-02,3.521098101226960431e-02,4.125343686098229684e-02,1.527590685166232282e-02,1.825940872493409667e-02,3.615413228938397366e-02,7.444607414022716418e-02,4.249210887159250022e-02,3.756885920505551729e-02,6.879345415272174191e-02,1.879938473111519015e-01,1.413501425583658655e-01
6.333535040549946593e-02,4.159336444540263217e-02,2.646850464707440134e-02,8.224142515340975013e-02,2.741380838446991902e-02,1.417955606093271488e-02,2.174198596009683376e-02,3.970275697061160375e-02,3.970275697061160375e-02,1.796077101051477345e-02,2.174198596009683376e-02,3.403093454623851849e-02,8.318672889080526434e-02,2.835911212186542976e-02,4.442927565758917480e-02,7.467899525424563645e-02,1.987173077657138631e-01,1.405153797948216210e-01
6.888082157656588711e-02,3.531072143648551764e-02,3.559058603708399604e-02,8.292183336756737966e-02,3.803428181791945056e-02,1.890109948919937999e-02,2.026970564578460185e-02,3.493188033079733940e-02,4.197286412390285187e-02,1.532770635716764612e-02,1.853932329818184024e-02,3.637557211193337414e-02,7.381599489931459090e-02,4.259744000084822457e-02,3.781585091013527078e-02,7.027673159662413405e-02,1.872756626566635385e-01,1.411619243438250737e-01
7.012290866297056502e-02,3.625196435746596418e-02,3.563038565631199833e-02,8.347156601562129297e-02,3.863977761927600563e-02,1.824995825847134170e-02,1.898362492212848224e-02,3.506994584379612839e-02,4.183258624815430066e-02,1.445595055798511684e-02,1.829411412248774238e-02,3.595985633397284775e-02,7.488155216196895614e-02,4.198543346974954044e-02,3.763098595674743696e-02,6.947755372734622237e-02,1.878658171017032752e-01,1.411960189838428192e-01
6.694011180918432724e-02,0.000000000000000000e+00,3.422160455811712465e-02,1.145784936341427418e-01,0.000000000000000000e+00,0.000000000000000000e+00,0.000000000000000000e+00,0.000000000000000000e+00,4.024052899199965366e-02,0.000000000000000000e+00,1.766139335783663278e-02,4.843567691826316385e-02,1.085595692002602336e-01,0.000000000000000000e+00,5.445133374930428288e-02,1.581617803329077865e-01,2.023100539124787767e-01,1.544394535355052278e-01
6.815405003732619149e-02,3.658188783563098151e-02,3.603735244063795834e-02,8.291821971357023202e-02,3.914483442806478836e-02,1.881914325095871907e-02,1.917853661165410881e-02,3.530767501134732256e-02,4.202361154959454587e-02,1.481499297977672235e-02,1.862311050876123281e-02,3.652017382419844166e-02,7.436538377621322582e-02,4.223416523565851760e-02,3.814288930127763405e-02,6.772568219326501049e-02,1.880993950924583491e-01,1.413088962096060996e-01
6.961098208277000099e-02,3.602155743238661528e-02,3.565766581004108787e-02,8.346485599063872829e-02,3.872103916141919622e-02,1.845821688448550171e-02,1.884438758575013653e-02,3.503385160030592083e-02,4.178069933297744176e-02,1.446283539832448825e-02,1.830968969169141300e-02,3.609582102878365617e-02,7.464234073866979347e-02,4.211859869658399896e-02,3.783730236429436178e-02,6.990432328853833643e-02,1.876412140246767890e-01,1.413946188876625543e-01
6.871036745095514264e-02,3.684589212245664713e-02,3.626139582944869211e-02,8.193129650441260958e-02,3.924421239570221459e-02,1.908474670266636919e-02,1.959759506298303089e-02,3.558262594079428243e-02,4.265691655810353172e-02,1.498573076395893176e-02,1.900932782614921449e-02,3.644617207691572269e-02,7.313745550251220251e-02,4.258903956923808937e-02,3.822982850654646492e-02,6.798634623639043806e-02,1.868909106389319008e-01,1.408101403118345585e-01
6.996478600449780594e-02,3.611841654083948472e-02,3.590445695061166009e-02,8.309443323974796680e-02,3.859763084030472247e-02,1.843109041533953080e-02,1.912730812957291748e-02,3.510295753325030216e-02,4.210928506721850484e-02,1.454585595152002933e-02,1.833260108015529258e-02,3.614218982864257634e-02,7.441039082367589819e-02,4.216362401076843153e-02,3.776216958322466122e-02,6.944856604077354056e-02,1.874190414366066204e-01,1.413251965232501517e-01
6.959200938082388266e-02,3.586410208897285873e-02,3.575482479737091684e-02,8.360417822333096605e-02,3.846913171780624863e-02,1.833743454559040587e-02,1.895784755597562654e-02,3.485945602101951646e-02,4.192722923591932216e-02,1.451272933952243473e-02,1.837973543266212609e-02,3.594517878919364917e-02,7.483026922987180696e-02,4.190607879238345684e-02,3.767246501128886788e-02,7.027939879573932846e-02,1.876899185239710999e-01,1.414180125185575954e-01
6.970694240070646197e-02,3.628928812570166723e-02,3.574503831858704544e-02,8.339912175864264143e-02,3.867038103182812020e-02,1.828607740088390721e-02,1.888403607054273126e-02,3.497521128878676444e-02,4.204329759960424157e-02,1.437249161682945149e-02,1.837559217179091792e-02,3.607445267552484430e-02,7.472335016233527805e-02,4.186784864862649891e-02,3.786116750282875199e-02,6.956729935809152776e-02,1.877477743101867991e-01,1.414106295585022821e-01
8.207403614178494788e-02,4.103701807089247394e-02,4.270068096565838439e-02,6.432829859761522717e-02,4.270068096565838439e-02,2.273672622846745553e-02,2.329128052672275670e-02,4.602800675519021223e-02,4.935533254472203313e-02,2.384583482497805787e-02,2.606405201799927643e-02,3.382781219357352404e-02,5.600998412378567493e-02,4.658256105344551340e-02,4.103701807089247394e-02,5.101899543948794358e-02,1.710485546297853265e-01,1.363131268493403270e-01
6.985570257790385540e-02,3.604152295247330801e-02,3.579288927875690779e-02,8.342005077732085605e-02,3.846570127120822052e-02,1.834018668205286348e-02,1.917587208537743435e-02,3.490885843887636675e-02,4.230571023193930441e-02,1.455888289428259631e-02,1.856810088295956368e-02,3.599663076138562290e-02,7.448305150540354691e-02,4.195347919417440063e-02,3.788900927800489815e-02,6.942404689436844356e-02,1.875806030191464746e-01,1.412397012743653590e-01
6.985680762899426632e-02,3.581566790208664391e-02,3.613174162285644891e-02,8.286549890810565588e-02,3.863775469467415485e-02,1.864834952541828683e-02,1.907730671789158866e-02,3.567117705830616381e-02,4.225454112805431678e-02,1.481482682636740822e-02,1.842258258201128623e-02,3.573439180246012342e-02,7.392061261032027708e-02,4.276025908128600062e-02,3.759471141613381778e-02,6.985229229012612784e-02,1.866112216935533752e-01,1.413302565113541132e-01
6.914944214763400765e-02,3.570909984629679762e-02,3.606657214854883109e-02,8.255227033340370446e-02,3.878336164566431599e-02,1.901276018244499669e-02,1.923677615852293840e-02,3.617619698790612570e-02,4.178612898458142211e-02,1.489467926050153448e-02,1.814052776495002697e-02,3.582825728038081109e-02,7.375845169800358814e-02,4.359255568529504798e-02,3.720571721839199125e-02,7.045540762519476863e-02,1.863550738863276324e-01,1.412967211459515426e-01
6.971965351614949069e-02,3.625709709034320716e-02,3.576796255961344623e-02,8.337585802483246655e-02,3.867399712453729183e-02,1.835333463466137793e-02,1.901150830468744876e-02,3.489039766624535410e-02,4.211951830423660975e-02,1.440788919193679990e-02,1.849360115450300254e-02,3.613121688022893213e-02,7.460740224601521142e-02,4.190732023575825804e-02,3.788275008953327638e-02,6.939955812471604313e-02,1.877241802271322757e-01,1.412767546248694661e-01
8.760432996210526513e-02,3.010341840396667246e-02,6.358924337017679562e-02,5.699355057380207229e-02,3.602262988789270426e-02,1.944883773289981729e-02,1.352962624897378723e-02,3.382406562243446546e-02,5.614794893324120961e-02,2.553716954493802024e-02,3.720647218467790923e-02,3.839031448146312114e-02,5.851563352681162650e-02,2.790485413850843366e-02,4.295656334049176989e-02,7.779535093159926917e-02,1.636315005100040521e-01,1.307984906060131181e-01
6.934885885647446013e-02,3.652293258536452175e-02,3.593039371690483902e-02,8.242470124818902788e-02,3.921662155179779508e-02,1.884491714168703633e-02,1.932112936112395998e-02,3.549416878306949075e-02,4.207025966063735606e-02,1.478075484145437678e-02,1.866315675258897397e-02,3.639206510521391519e-02,7.359478154580519071e-02,4.272823226917234901e-02,3.799155652927686116e-02,6.853820752109709979e-02,1.871161400257818075e-01,1.410211225043609407e-01
7.084042456795038023e-02,3.605544983350646854e-02,3.577038478357830870e-02,8.330938101110443861e-02,3.860343867483966712e-02,1.830751098427532003e-02,1.884244786809112851e-02,3.499261470908294341e-02,4.166524847036437440e-02,1.442217993340258637e-02,1.831454962748342227e-02,3.598506340142543919e-02,7.486652848298516738e-02,4.196087148510468934e-02,3.745965915352297143e-02,6.955587218247162584e-02,1.875289399914322752e-01,1.415194348393788437e-01
7.105699729150138921e-02,3.563781710312223516e-02,3.600949985818546750e-02,8.182267897345070484e-02,3.838389675229533088e-02,1.892958407845597019e-02,1.955488565462118120e-02,3.539731649690484178e-02,4.196079667749214037e-02,1.511655628533663254e-02,1.885087478914846196e-02,3.621501855804396680e-02,7.312530250497092932e-02,4.258172551536248962e-02,3.772798600806608754e-02,7.045793214510534530e-02,1.859026773180553760e-01,1.412684539898815261e-01
7.002676972651829257e-02,3.609425339077631384e-02,3.591861225505477151e-02,8.320998804807920590e-02,3.860051728895673440e-02,1.840178668097972384e-02,1.919217179172665044e-02,3.506067286133802280e-02,4.229235885325755007e-02,1.443297255650263788e-02,1.848622953469200234e-02,3.596590025313364802e-02,7.432997755169601373e-02,4.232951370889095205e-02,3.757706990196392483e-02,6.984775087664826798e-02,1.872536426096745310e-01,1.409798121101106805e-01
6.987735795316292464e-02,3.627587322189299718e-02,3.552900591421546961e-02,8.341904297620501840e-02,3.874657062860402401e-02,1.844158720825983880e-02,1.901493988890117642e-02,3.512539580350083901e-02,4.180570894439431667e-02,1.446206695775582342e-02,1.829070492388053942e-02,3.593638808203957619e-02,7.467541459642462742e-02,4.214896614135721364e-02,3.766021818107306851e-02,6.957559338440431895e-02,1.877590395919279675e-01,1.412561256020001821e-01
6.998905657001380787e-02,3.606822982174334030e-02,3.576630427112866689e-02,8.328735048472730995e-02,3.861593868142441932e-02,1.839031921215864007e-02,1.914343687773679969e-02,3.507085777813982730e-02,4.213048778745583783e-02,1.447207189800198308e-02,1.849548429158621998e-02,3.602073591490507348e-02,7.437545810871905305e-02,4.229332403947274471e-02,3.771016202958041297e-02,6.972784008240336118e-02,1.873855452304448999e-01,1.410573969203575417e-01
6.992120998922018993e-02,3.585758832910094368e-02,3.566550704939179528e-02,8.288126010695467949e-02,3.855397459520677750e-02,1.865725335740970811e-02,1.904866426700571602e-02,3.548429829494919446e-02,4.168526187197484079e-02,1.458005638245129555e-02,1.845429955243400172e-02,3.608228718460976953e-02,7.416511901826579323e-02,4.264929244560945049e-02,3.763343412263838589e-02,7.039960110094864443e-02,1.868626273551421413e-01,1.414182649766866917e-01
6.993512844530765105e-02,3.563584373308492648e-02,3.581634366516277951e-02,8.262599271735297790e-02,3.860549737750867266e-02,1.893960001588341352e-02,1.906423092136574210e-02,3.576047463856725506e-02,4.172127001456687329e-02,1.471933969920596712e-02,1.838090974992815166e-02,3.594527218807553465e-02,7.375141272352514488e-02,4.307501950515077449e-02,3.750530731531984824e-02,7.077316384424053863e-02,1.862085561261849209e-01,1.415366373195688088e-01
7.085348146347907050e-02,3.606087093576828412e-02,3.578255823511122119e-02,8.328595640802051447e-02,3.861500647977297862e-02,1.830874816854120499e-02,1.884071295080976677e-02,3.501455609912084571e-02,4.167292324142272963e-02,1.442293919607613890e-02,1.831227111411914271e-02,3.598688907863160230e-02,7.483793291212638421e-02,4.198646539785916981e-02,3.745948033020947421e-02,6.953237687175251036e-02,1.874976173751450870e-01,1.415292137420338381e-01
7.027408207196857159e-02,3.562667143673407116e-02,3.584482359548397251e-02,8.293175510521291760e-02,3.857899731848275088e-02,1.909073780349146432e-02,1.915375953824143690e-02,3.570423664873403902e-02,4.175917101048132879e-02,1.481495549199337604e-02,1.845082480449175208e-02,3.537458449773418778e-02,7.406508180846688161e-02,4.299536657673077439e-02,3.695012786648348146e-02,7.047284292771849312e-02,1.863481593767160049e-01,1.415638221208345704e-01
6.066493294391984287e-02,4.108321408227483262e-02,3.436399682582801096e-02,7.794292017478308965e-02,4.300299044125963782e-02,2.130951758473133978e-02,2.111753994883285718e-02,3.455597446172649356e-02,3.916343772329002743e-02,1.862183068215261111e-02,2.111753994883285718e-02,4.089123644637635002e-02,7.141568055423475059e-02,3.897146008739154482e-02,4.319496807715811348e-02,6.047295530802136027e-02,1.931995203197209854e-01,1.389102843894652328e-01
6.972858001620599322e-02,3.628810094155988930e-02,3.570572411405283780e-02,8.262119805963789865e-02,3.886260815833242344e-02,1.874450106189927759e-02,1.920638613199107669e-02,3.558523235663758888e-02,4.209580364897500676e-02,1.467991244509146524e-02,1.868827157510549730e-02,3.607924856204011710e-02,7.365661130794319555e-02,4.268219686839588856e-02,3.794285441006266940e-02,6.964021939410147688e-02,1.867902032833156367e-01,1.410023476646520280e-01
6.927561158631057037e-02,3.593368264414177615e-02,3.594303915570124658e-02,8.249636241984065199e-02,3.870788832152442099e-02,1.892354462902662293e-02,1.928377032406619271e-02,3.598046520193912828e-02,4.183764143816689346e-02,1.489556640267509537e-02,1.816566719270960861e-02,3.582140450542814492e-02,7.382755445999238109e-02,4.314755305649259354e-02,3.732780286650269619e-02,7.058084494885652482e-02,1.864854662291753062e-01,1.413661346174500955e-01
7.018852532892978779e-02,3.603317849881503693e-02,3.577378929944204089e-02,8.284379556312783388e-02,3.865995081359228230e-02,1.861391508176645990e-02,1.914730695653346984e-02,3.532077154279061187e-02,4.188952901423635689e-02,1.455136874792459581e-02,1.844220673851954678e-02,3.616835315200941231e-02,7.410128353355625863e-02,4.254348206617673128e-02,3.768815465819486121e-02,6.964417334714702312e-02,1.869798083108805964e-01,1.414104073463570976e-01
